17 18
9 13
2 19
7 5
12 12
4 7
11 16
9 17
10 5
17 8
15 8
3 7
15 13
17 3
1 10
7 18
10 18
16 15
12 3
15 2
20 3
11 10
18 10
14 19
19 7
15 11
9 13
5 17
19 16
5 13
10 19
8 3
10 11
6 4
17 13
7 20
9 17
18 17
8 6
12 4
14 6
10 18
6 14
9 6
19 4
15 5
20 20
3 14
17 1
13 20
19 6
2 11
20 19
4 11
14 7
4 7
17 19
13 5
10 2
18 13
10 20
12 4
17 9
1 6
5 6
11 13
15 15
13 4
14 14
12 8
14 8
18 15
11 2
4 10
15 1
12 13
16 4
4 15
20 12
9 4
8 16
10 19
14 2
16 2
9 8
7 7
14 15
16 4
6 4
16 11
3 20
15 20
14 10
2 18
1 14
9 2
1 20
1 11
12 6
13 8
